Diego-Palacio 34568910 CAMARA_MONOCROMATICA 50109773 9 12 2021 786000
Diego-Palacio 34568910 CAMARA_MONOCROMATICA 50109774 9 12 2021 786000
Diego-Palacio 34568910 ESPECTROMETRO_FLAME_S 50109775 10 12 2011 28976456
Diego-Palacio 34568910 CAMARA_MULTISPECTRAL 50109673 9 12 2020 45678900
Juan-Perez 24567898 TABLET_WACOM 50234573 21 10 2010 450000
Juan-Perez 24567898 TARJETA_ADQUISICION_DATOS 50234574 18 12 2010 23900000
Tatiana-Ramirez 2345934 DRON_MAT300 50234581 12 10 2019 17568000
Juan-Perez 24567898 MONITOR_LCD_19 50245312 18 12 2006 600000
Juan-Perez 24567898 MONITOR_DELL 50245313 1 4 2016 300000
Diego-Palacio 34568910 MONITOR_LCD_19 50245314 18 12 2006 600000
Diego-Palacio 34568910 MONITOR_DELL 50245315 1 4 2016 300000
Camila-Jimenez 2345902 MONITOR_LCD_19 50245316 18 12 2006 600000
Camila-Jimenez 2345902 MONITOR_DELL 50245317 1 4 2016 300000
Camila-Jimenez 2345902 MONITOR_DELL 50245318 1 4 2016 300000
Camila-Jimenez 2345902 MONITOR_DELL 50245319 1 4 2016 300000
Pedro-Gomez 1075689 MONITOR_LCD_19 50245320 18 12 2006 600000
Pedro-Gomez 1075689 MONITOR_LCD_19 50245321 18 12 2006 600000
Pedro-Gomez 1075689 MONITOR_LCD_19 50245322 18 12 2006 600000
Pedro-Gomez 1075689 MONITOR_DELL 50245323 1 4 2016 300000
Pedro-Gomez 1075689 MONITOR_DELL 50245324 1 4 2016 300000
Pedro-Gomez 1075689 MONITOR_DELL 50245325 1 4 2016 300000
Tatiana-Ramirez 2345934 MONITOR_LCD_19 50245326 18 12 2006 600000
Tatiana-Ramirez 2345934 MONITOR_DELL 50245327 1 4 2016 300000
Tatiana-Ramirez 2345934 MONITOR_DELL 50245328 1 4 2016 300000
Juan-Perez 24567898 CPU_HP_Z600 50246323 21 12 2009 7323400
Juan-Perez 24567898 WORKSTATION_DELL_T5810 50246324 1 4 2016 6495198
Diego-Palacio 34568910 CPU_HP_Z600 50246325 21 12 2009 7323400
Diego-Palacio 34568910 WORKSTATION_DELL_T5810 50246326 1 4 2016 6495198
Camila-Jimenez 2345902 CPU_HP_Z600 50246327 21 12 2009 7323400
Camila-Jimenez 2345902 WORKSTATION_DELL_T5810 50246328 1 4 2016 6495198
Camila-Jimenez 2345902 WORKSTATION_DELL_T5810 50246329 1 4 2016 6495198
Camila-Jimenez 2345902 WORKSTATION_DELL_T5810 50246330 1 4 2016 6495198
Pedro-Gomez 1075689 CPU_HP_Z600 50246331 21 12 2009 7323400
Pedro-Gomez 1075689 CPU_HP_Z600 50246333 21 12 2009 7323400
Pedro-Gomez 1075689 CPU_HP_Z600 50246333 21 12 2009 7323400
Pedro-Gomez 1075689 WORKSTATION_DELL_T5810 50246334 1 4 2016 6495198
Pedro-Gomez 1075689 WORKSTATION_DELL_T5810 50246335 1 4 2016 6495198
Pedro-Gomez 1075689 WORKSTATION_DELL_T5810 50246336 1 4 2016 6495198
Tatiana-Ramirez 2345934 CPU_HP_Z600 50246337 21 12 2009 7323400
Tatiana-Ramirez 2345934 WORKSTATION_DELL_T5810 50246338 1 4 2016 6495198
Tatiana-Ramirez 2345934 WORKSTATION_DELL_T5810 50246339 1 4 2016 6495198
Juan-Perez 24567898 ESTANTE_MADERA 50645678 10 12 2013 440000
Camila-Jimenez 2345902 ESTANTE_MADERA 50645679 10 12 2013 440000
Juan-Perez 24567898 TELEFONO_IP 50652398 21 12 2009 163800
Diego-Palacio 34568910 TELEFONO_IP 50652399 21 12 2009 163800
Camila-Jimenez 2345902 TELEFONO_IP 50652400 21 12 2009 163800
Pedro-Gomez 1075689 TELEFONO_IP 50652401 21 12 2009 163800
Tatiana-Ramirez 2345934 TELEFONO_IP 50652402 21 12 2009 163800
Juan-Perez 24567898 SILLA_GIRATORIA 50661212 4 5 2010 174900
Diego-Palacio 34568910 SILLA_GIRATORIA 50661213 4 5 2010 174900
Camila-Jimenez 2345902 SILLA_GIRATORIA 50661214 4 5 2010 174900
Pedro-Gomez 1075689 SILLA_GIRATORIA 50661215 4 5 2010 174900
Tatiana-Ramirez 2345934 SILLA_GIRATORIA 50661216 4 5 2010 174900
Tatiana-Ramirez 2345934 SILLA_GIRATORIA 50661217 4 5 2010 174900
Tatiana-Ramirez 2345934 SILLA_GIRATORIA 50661218 4 5 2010 174900